# nhard sync  (genuine OSD recoveries, S7 P0-2, shim 20260028 NHARD_DIAG)
56 9
47 8
48 8
53 8
56 8
56 7
60 7
52 7
53 8
50 8
53 7
46 10
46 10
53 9
48 8
40 8
46 7
54 7
58 7
56 10
56 10
60 9
47 8
52 7
51 7
46 7
53 7
50 10
50 10
58 9
49 8
50 7
54 7
49 7
47 8
48 8
56 8
54 9
59 7
53 7
52 10
52 10
50 8
57 8
49 7
51 10
51 10
41 8
54 8
52 9
57 9
46 8
47 7
59 10
55 10
59 10
55 10
46 9
60 9
56 8
57 8
37 7
51 7
52 9
49 8
50 8
57 8
51 8
50 8
50 8
51 7
53 7
47 7
42 11
42 11
53 9
57 8
44 9
46 9
57 8
45 8
49 7
50 21
55 10
50 21
55 10
56 8
57 8
52 8
41 8
55 8
43 8
