# nhard sync  (FP candidates, S5 AWGN, shim 20260028 NHARD_DIAG)
52 8
55 8
55 7
48 11
48 11
45 9
50 7
47 8
54 8
57 8
58 7
59 7
55 8
53 7
49 9
57 9
56 8
57 8
53 8
50 8
45 7
60 7
53 9
46 9
49 8
48 8
54 7
53 7
58 8
50 8
47 8
52 8
58 8
46 8
52 7
43 7
49 10
49 10
52 9
50 9
54 9
52 8
44 10
44 10
54 7
58 10
58 10
51 7
49 7
41 9
51 9
54 9
57 7
57 7
60 7
51 10
51 10
48 9
57 8
54 8
51 8
42 8
42 7
50 8
56 8
50 8
56 7
54 13
54 13
44 8
55 7
55 7
55 7
45 9
56 9
47 8
52 8
46 8
55 8
52 8
49 8
55 9
51 8
59 8
51 8
56 8
55 8
51 8
56 8
48 7
59 9
48 9
37 8
50 8
54 8
55 7
48 7
55 7
52 7
42 8
60 8
54 7
50 7
48 7
49 8
52 8
46 8
44 8
45 7
55 7
58 9
56 8
50 8
44 8
55 8
49 7
48 7
56 12
56 12
48 8
50 7
56 9
50 8
59 8
53 10
53 10
56 9
50 7
48 7
51 7
57 8
54 7
54 7
35 7
49 7
59 8
57 8
59 7
53 9
52 9
41 8
51 8
47 8
55 8
53 7
46 7
51 8
59 7
53 7
53 10
53 10
48 8
51 8
49 8
54 8
50 7
45 7
53 9
51 9
48 8
52 8
52 8
59 12
48 10
60 10
59 12
48 10
60 10
52 8
54 8
57 7
60 8
47 8
57 7
57 9
49 9
46 8
45 8
53 9
55 9
43 8
50 7
60 7
57 7
57 7
56 7
52 7
47 7
58 7
56 7
47 8
58 8
52 7
42 7
55 9
59 9
52 8
59 8
48 8
54 8
49 7
44 7
46 7
46 7
48 7
